Значение метрик для полного набора данных: 
    accuracy: 0.9302012548930249 
    precision: 0.5153082309045611 
    recall: 0.9596719220704972 
