Исследована модель abies_area_model_2026_06_25_13_59_fbeta 

Значение метрик для полного набора данных: 
    accuracy: 0.9585738816233856 
    precision: 0.8287421610795548 
    recall: 0.5550278162587682 
